163.68
163.68
163.68
163.68
163.68
163.68
163.68
163.68
163.68
163.68
163.68
163.68
163.68
163.68
163.68
163.68
163.68
163.68
163.68
163.68
162.6
163.12
163.64
164.18
164.54
164.9
165.16
165.66
166.0
165.86
165.2
164.38
163.66
162.94
162.42
162.0
161.7
161.7
161.8
162.14
161.2
162.18
163.26
164.44
165.62
166.6
167.42
167.8
167.38
166.82
166.0
164.66
163.26
162.16
161.18
160.4
159.94
159.8
159.98
160.44
159.8
161.14
162.7
164.5
166.26
167.9
169.18
169.72
169.36
168.24
166.7
164.8
162.9
161.18
159.74
158.6
157.94
157.8
157.98
158.72
158.4
160.1
162.02
164.28
166.64
169.0
170.8
171.72
171.06
169.46
167.1
164.64
162.18
160.02
158.2
156.8
156.04
155.8
156.16
157.02
157.0
158.96
161.24
163.86
166.72
169.8
172.42
173.72
172.82
170.34
167.3
164.22
161.34
158.74
156.6
155.0
154.08
153.9
154.36
155.36
155.5
157.72
160.36
163.32
166.6
170.2
173.7
175.64
174.18
170.8
167.1
163.56
160.24
157.36
154.96
153.1
152.08
151.92
152.46
153.76
154.1
156.52
159.36
162.52
166.24
170.3
174.62
177.48
175.04
170.82
166.6
162.7
159.02
155.88
153.22
151.2
150.08
149.92
150.64
152.2
152.8
155.32
158.28
161.7
165.58
170.0
174.84
178.46
175.18
170.38
165.8
161.64
157.8
154.38
151.52
149.3
148.18
148.02
148.92
150.6
151.4
154.08
157.18
160.68
164.78
169.4
174.34
177.44
174.28
169.44
164.7
160.34
156.3
152.78
149.72
147.4
146.18
146.04
147.12
149.04
150.1
152.88
156.0
159.58
163.78
168.5
173.28
175.6
172.86
168.14
163.4
158.98
154.88
151.1
147.98
145.5
144.18
144.14
145.4
147.48
148.8
151.68
154.88
158.48
162.68
167.4
171.76
173.6
171.12
166.68
162.0
157.48
153.28
149.5
146.18
143.5
142.18
142.24
143.68
145.98
147.5
150.54
153.68
157.28
161.42
166.1
170.1
171.48
169.22
164.98
160.4
155.88
151.68
147.8
144.34
141.6
140.18
140.26
141.98
144.62
146.3
149.34
152.48
155.98
160.08
164.6
168.34
169.38
167.2
163.18
158.6
154.18
149.98
146.02
142.54
139.7
138.18
138.46
140.26
143.16
145.1
148.14
151.18
154.6
158.68
163.1
166.48
167.28
165.18
161.32
156.9
152.48
148.28
144.32
140.74
137.8
136.22
136.48
138.64
141.76
143.9
146.98
149.98
153.3
157.24
161.4
164.52
165.16
162.86
159.42
155.0
150.68
146.48
142.52
138.94
135.9
134.22
134.68
137.02
140.4
142.7
145.84
148.76
151.92
155.74
159.7
162.52
162.96
160.98
157.42
153.1
148.84
144.68
140.82
137.2
134.0
132.32
132.8
135.42
139.1
141.6
144.74
147.46
150.52
154.2
158.0
160.46
160.76
158.86
155.36
151.2
146.94
142.88
139.02
135.4
132.1
130.32
131.0
133.8
137.74
140.5
143.58
146.24
149.12
152.6
156.2
158.4
158.66
156.76
153.36
149.3
145.04
141.08
137.3
133.6
130.3
128.42
129.12
132.28
136.44
139.3
142.48
144.94
147.64
150.48
154.3
156.34
156.36
154.56
151.26
147.3
143.14
139.2
135.5
131.9
128.4
126.52
127.32
130.76
135.18
138.2
141.28
143.72
146.24
149.26
152.4
154.24
154.16
152.36
149.16
145.3
141.24
137.3
133.7
130.1
126.6
124.62
125.54
129.16
133.92
137.1
140.18
142.42
144.66
147.62
150.5
152.18
151.96
150.16
147.1
143.3
139.24
135.5
131.9
128.36
124.8
122.72
123.74
127.64
132.62
135.9
139.02
141.12
143.18
145.92
148.6
149.98
149.76
148.04
145.0
141.2
137.3
133.6
130.1
126.6
123.0
120.86
121.96
126.12
131.36
134.8
137.88
139.8
141.68
144.08
146.6
147.88
147.56
145.84
142.9
139.2
135.3
131.7
128.28
124.86
121.3
118.96
120.18
124.7
130.16
133.6
136.72
138.48
140.1
142.38
144.6
145.72
145.34
143.64
140.8
137.1
133.3
129.72
126.48
123.1
119.5
117.16
118.48
123.18
128.86
132.4
135.42
137.08
138.5
140.54
142.6
143.52
143.06
141.44
138.7
135.1
131.3
127.82
124.58
121.4
117.7
115.26
116.7
121.66
127.6
131.2
134.22
135.66
136.82
138.7
140.6
141.36
140.86
139.24
136.5
133.0
129.3
125.92
122.78
119.6
116.0
113.4
114.92
120.16
126.3
130.0
132.92
134.24
135.14
136.8
138.6
139.16
138.64
137.12
134.4
130.9
127.2
123.92
120.96
117.9
114.2
111.56
113.12
118.64
124.9
128.7
131.56
132.74
133.44
134.9
136.5
137.0
136.36
134.82
132.3
128.7
125.16
121.94
119.06
116.1
112.5
109.7
111.42
117.14
123.6
127.3
130.16
131.22
131.66
133.0
134.5
134.8
134.14
132.62
130.14
126.6
123.06
119.94
117.16
114.3
110.7
107.8
109.64
115.62
122.24
125.9
128.76
129.62
129.96
131.06
132.4
132.6
131.86
130.42
128.0
124.5
120.96
117.96
115.26
112.54
108.9
105.94
107.86
114.02
120.84
124.05
126.79
127.55
127.83
128.9
130.21
130.41
129.71
128.33
125.96
122.49
118.96
115.97
113.26
110.52
106.89
104.01
106.0
112.21
119.06
122.19
124.82
125.48
125.69
126.73
128.03
128.22
127.55
126.23
123.92
120.47
116.97
113.97
111.26
108.5
104.89
102.08
104.14
110.41
117.29
120.34
122.85
123.4
123.56
124.57
125.84
126.03
125.4
124.14
121.88
118.46
114.97
111.98
109.26
106.48
102.88
100.15
102.28
108.6
115.51
118.49
120.88
121.33
121.42
122.4
123.65
123.84
123.24
122.04
119.83
116.45
112.97
109.98
107.26
104.46
100.87
98.22
100.42
106.79
113.74
116.63
118.91
119.26
119.29
120.24
121.47
121.65
121.09
119.95
117.79
114.43
110.98
107.99
105.26
102.44
98.87
96.29
98.56
104.98
111.96
114.78
116.94
117.19
117.15
118.07
119.28
119.46
118.93
117.86
115.75
112.42
108.98
106.0
103.26
100.42
96.86
94.36
96.7
103.18
110.19
112.93
114.97
115.12
115.02
115.91
117.09
117.27
116.78
115.76
113.71
110.41
106.98
104.0
101.26
98.4
94.85
92.43
94.84
101.37
108.41
111.07
113.0
113.04
112.88
113.74
114.91
115.08
114.62
113.67
111.67
108.39
104.99
102.01
99.26
96.38
92.85
90.51
92.97
99.56
106.64
109.22
111.03
110.97
110.75
111.58
112.72
112.89
112.47
111.57
109.63
106.38
102.99
100.01
97.26
94.36
90.84
88.58
91.11
97.75
104.86
107.37
109.06
108.9
108.61
109.41
110.53
110.7
110.31
109.48
107.59
104.37
100.99
98.02
95.26
92.34
88.83
86.65
89.25
95.95
103.09
105.51
107.09
106.83
106.48
107.25
108.35
108.51
108.16
107.39
105.55
102.35
99.0
96.03
93.26
90.32
86.83
84.72
87.39
94.14
101.31
103.66
105.12
104.76
104.34
105.08
106.16
106.32
106.0
105.29
103.5
100.34
97.0
94.03
91.26
88.3
84.82
82.79
85.53
92.33
99.54
101.81
103.15
102.68
102.21
102.92
103.97
104.13
103.85
103.2
101.46
98.33
95.0
92.04
89.26
86.28
82.81
80.86
83.67
90.52
97.76
99.95
101.18
100.61
100.07
100.75
101.79
101.94
101.69
101.1
99.42
96.31
93.01
90.04
87.26
84.26
80.81
78.93
81.81
88.72
95.99
98.1
99.21
98.54
97.94
98.59
99.6
99.75
99.54
99.01
97.38
94.3
91.01
88.05
85.26
82.24
78.8
77.0
79.95
86.91
94.21
96.25
97.24
96.47
95.81
96.43
97.41
97.56
97.39
96.92
95.34
92.29
89.01
86.06
83.26
80.22
76.79
75.07
78.09
85.1
92.43
94.39
95.27
94.4
93.67
94.26
95.23
95.37
95.23
94.82
93.3
90.27
87.02
84.06
81.26
78.2
74.79
73.14
76.23
83.3
90.66
92.54
93.3
92.32
91.54
92.1
93.04
93.18
93.08
92.73
91.26
88.26
85.02
82.07
79.26
76.18
72.78
71.21
74.37
81.49
88.88
90.69
91.33
90.25
89.4
89.93
90.85
90.99
90.92
90.63
89.21
86.25
83.02
80.07
77.26
74.16
70.77
69.28
72.51
79.68
87.11
88.83
89.36
88.18
87.27
87.77
88.67
88.8
88.77
88.54
87.17
84.23
81.03
78.08
75.26
72.14
68.77
67.35
70.65
77.87
85.33
86.98
87.39
86.11
85.13
85.6
86.48
86.61
86.61
86.45
85.13
82.22
79.03
76.09
73.26
70.12
66.76
65.42
68.79
76.07
83.56
85.13
85.42
84.04
83.0
83.44
84.29
84.42
84.46
84.35
83.09
80.21
77.03
74.09
71.26
68.1
64.75
63.49
66.93
74.26
81.78
83.27
83.45
81.96
80.86
81.27
82.11
82.23
82.3
82.26
81.05
78.19
75.04
72.1
69.26
66.08
62.75
61.57
65.06
72.45
80.01
81.42
81.48
79.89
78.73
79.11
79.92
80.04
80.15
80.16
79.01
76.18
73.04
70.1
67.26
64.06
60.74
59.64
63.2
70.64
78.23
79.57
79.51
77.82
76.59
76.94
77.73
77.85
77.99
78.07
76.97
74.17
71.04
68.11
65.26
62.04
58.73
57.71
61.34
68.84
76.46
77.71
77.54
75.75
74.46
74.78
75.55
75.66
75.84
75.98
74.93
72.15
69.05
66.12
63.26
60.02
56.73
55.78
59.48
67.03
74.68
75.86
75.57
73.68
72.32
72.61
73.36
73.47
73.68
73.88
72.88
70.14
67.05
64.12
61.26
58.0
54.72
53.85
57.62
65.22
72.91
74.01
73.6
71.6
70.19
70.45
71.17
71.28
71.53
71.79
70.84
68.13
65.05
62.13
59.26
55.98
52.71
51.92
55.76
63.41
71.13
72.15
71.63
69.53
68.05
68.28
68.99
69.09
69.37
69.69
68.8
66.11
63.06
60.13
57.26
53.96
50.71
49.99
53.9
61.61
69.36
70.3
69.66
67.46
65.92
66.12
66.8
66.9
67.22
67.6
66.76
64.1
61.06
58.14
55.26
51.94
48.7
48.06
52.04
59.8
67.58
67.7
67.06
65.08
63.72
63.98
64.6
64.8
65.12
65.6
64.86
62.4
59.26
56.24
53.18
49.84
46.6
46.12
50.12
57.52
64.8
64.9
64.42
62.7
61.62
61.78
62.4
62.6
63.04
63.58
63.0
60.6
57.46
54.42
51.18
47.7
44.6
44.22
48.02
55.06
61.92
62.1
61.72
60.32
59.5
59.68
60.2
60.46
60.94
61.58
61.0
58.7
55.66
52.52
49.18
45.6
42.5
42.22
46.0
52.6
58.98
59.2
59.18
58.12
57.32
57.48
58.0
58.3
58.84
59.48
59.04
56.9
53.86
50.62
47.1
43.5
40.5
40.28
43.98
50.22
56.18
56.4
56.64
55.84
55.2
55.38
55.8
56.16
56.84
57.48
57.04
55.1
52.06
48.7
45.1
41.4
38.4
38.28
41.88
47.94
53.44
53.7
54.14
53.56
53.1
53.24
53.7
54.06
54.74
55.38
55.14
53.2
50.26
46.8
43.1
39.34
36.4
36.38
39.96
45.56
50.84
51.1
51.7
51.36
51.0
51.14
51.5
51.96
52.64
53.38
53.08
51.3
48.36
44.9
41.02
37.24
34.4
34.38
37.86
43.28
48.2
48.5
49.26
49.18
48.9
49.04
49.4
49.86
50.64
51.28
51.08
49.4
46.46
42.98
39.02
35.14
32.4
32.48
35.72
41.0
45.7
46.0
46.96
46.98
46.8
46.94
47.3
47.76
48.54
49.28
49.08
47.4
44.56
41.08
37.02
33.14
30.4
30.58
33.84
38.72
43.2
43.5
44.62
44.8
44.8
44.94
45.2
45.76
46.54
47.18
46.98
45.5
42.66
39.08
35.02
31.14
28.4
28.58
31.82
36.52
40.8
41.2
42.32
42.54
42.7
42.84
43.2
43.66
44.44
45.08
44.98
43.5
40.76
37.08
33.04
29.04
26.4
26.68
29.82
34.34
38.4
38.8
40.12
40.6
40.7
40.84
41.1
41.62
42.34
42.98
42.88
41.5
38.76
35.18
31.04
27.14
24.5
24.78
27.7
32.14
36.06
36.5
37.88
38.5
38.68
38.84
39.1
39.56
40.34
40.88
40.82
39.4
36.76
33.18
29.12
25.14
22.5
22.88
25.9
29.96
33.86
34.3
35.68
36.42
36.68
36.84
37.1
37.56
38.24
38.88
38.72
37.4
34.76
31.18
27.12
23.14
20.6
20.98
23.9
27.88
31.66
32.1
33.58
34.32
34.68
34.84
35.1
35.56
36.24
36.78
36.62
35.3
32.72
29.18
25.14
21.24
18.7
19.08
21.9
25.88
29.42
29.9
31.48
32.32
32.68
32.84
33.1
33.56
34.22
34.68
34.42
33.2
30.72
27.28
23.22
19.34
16.8
17.24
20.0
23.78
27.32
27.7
29.38
30.24
30.68
30.94
31.2
31.66
32.22
32.58
32.32
31.1
28.62
25.28
21.32
17.48
15.0
15.38
18.18
21.8
25.22
25.7
27.28
28.24
28.78
29.04
29.3
29.66
30.22
30.5
30.22
29.0
26.62
23.3
19.42
15.64
13.1
13.54
16.28
19.8
23.12
23.6
25.24
26.24
26.78
27.14
27.4
27.76
28.22
28.4
28.12
26.8
24.52
21.3
17.52
13.78
11.3
11.74
14.48
17.9
21.12
21.6
23.24
24.34
24.88
25.24
25.5
25.86
26.22
26.4
25.98
24.7
22.48
19.4
15.72
12.04
9.5
9.94
12.58
16.02
19.12
19.6
21.24
22.34
22.98
23.34
23.7
24.0
24.3
24.4
23.88
22.6
20.48
17.52
14.0
10.34
7.8
8.18
10.88
14.22
17.18
17.6
19.34
20.44
21.16
21.54
21.9
22.16
22.4
22.32
21.78
20.6
18.48
15.62
12.2
8.68
6.0
6.44
9.18
12.42
15.28
15.8
17.44
18.54
19.26
19.74
20.1
20.3
20.5
20.32
19.72
18.5
16.54
13.84
10.68
7.14
4.4
4.74
7.58
10.74
13.48
14.0
15.54
16.74
17.46
17.94
18.3
18.5
18.58
18.32
17.72
16.5
14.64
12.24
9.18
5.84
2.9
3.3
6.16
9.14
11.84
12.3
13.78
14.94
15.66
16.24
16.5
16.7
16.7
16.42
5.78
14.6
12.9
10.66
7.86
4.88
1.6
1.72
4.96
7.84
10.24
10.7
12.14
13.24
13.96
14.44
14.8
14.9
14.88
14.52
13.92
12.8
11.3
9.28
6.94
4.32
1.8
1.94
4.34
6.78
8.94
9.4
10.58
11.64
12.36
12.74
13.1
13.2
13.08
12.72
12.12
11.1
9.86
8.3
6.5
4.6
3.1
3.16
4.5
6.2
7.9
8.4
9.42
10.14
10.76
11.14
11.4
11.4
11.38
11.02
10.46
9.7
8.72
7.64
6.46
5.42
4.6
4.7
5.34
6.24
7.36
7.9
8.46
8.92
9.28
9.54
9.7
9.7
9.68
9.42
9.06
8.6
8.08
7.56
7.02
6.56
6.3
6.3
6.52
6.96
7.38
8.15
8.15
8.15
8.15
8.15
8.15
8.15
8.15
8.15
8.15
8.15
8.15
8.15
8.15
8.15
8.15
8.15
8.15
8.15
8.15