1.156
0.039
0.0
0.0
1.725
-0.053
0.0
0.0
1.097
-0.032
0.0
0.0
-0.579
0.019
0.0
0.0
0.265
-0.01
0.0
0.0
-2.895
0.023
0.0
0.0
3.269
-0.025
0.0
0.0
2.278
-0.015
0.0
0.0
-1.789
0.009
0.0
0.0
0.653
-0.005
0.0
0.0
-3.24
0.052
-2.645
0.03
4.404
-0.062
3.283
-0.038
2.827
-0.038
2.181
-0.019
-1.496
0.02
-1.143
0.011
0.688
-0.011
0.512
-0.008
-0.023
-0.025
0.0
0.0
-0.37
0.031
0.0
0.0
-0.385
0.017
0.0
0.0
0.15
-0.009
0.0
0.0
0.019
0.007
0.0
0.0
1.704
0.006
-1.766
0.022
-2.115
-0.007
2.309
-0.028
-1.61
-0.003
1.314
-0.015
0.806
0.002
-0.873
0.01
-0.249
-0.002
0.445
-0.005
0.256
-0.009
-2.959
0.023
-0.662
0.013
3.643
-0.03
-0.208
0.001
2.208
-0.015
0.144
-0.001
-1.326
0.01
-0.205
0.005
0.678
-0.007
1.73
-0.03
0.0
0.0
-2.072
0.035
0.0
0.0
-1.027
0.016
0.0
0.0
0.946
-0.008
0.0
0.0
-0.644
0.009
0.0
0.0
3.925
-0.06
1.613
-0.015
-4.79
0.07
-2.021
0.019
-3.293
0.048
-1.273
0.006
1.829
-0.026
0.797
-0.005
-0.767
0.011
-0.395
0.006
-1.988
0.027
-0.761
0.003
2.258
-0.031
0.978
-0.004
1.772
-0.026
0.459
-0.003
-0.813
0.014
-0.257
0.004
0.173
-0.003
0.223
-0.001
0.0
0.0
0.0
0.0
0.0
0.0
0.0
0.0
0.0
0.0
0.0
0.0
0.0
0.0
0.0
0.0
0.0
0.0
0.0
0.0
-1.356
0.011
0.0
0.0
0.079
-0.003
0.0
0.0
0.415
-0.012
0.0
0.0
-0.249
0.004
0.0
0.0
-0.087
0.004
0.0
0.0
-1.155
-0.012
0.261
-0.026
1.619
0.011
-0.217
0.032
0.989
0.009
-0.361
0.019
-0.745
-0.001
0.009
-0.009
0.347
0.0
0.178
0.005
4.672
-0.032
0.562
0.017
-5.868
0.04
-0.85
-0.02
-3.798
0.026
-0.145
-0.02
2.079
-0.014
0.16
0.008
-0.943
0.007
-0.417
0.001
0.0
0.0
0.0
0.0
0.0
0.0
0.0
0.0
0.0
0.0
0.0
0.0
0.0
0.0
0.0
0.0
0.0
0.0
0.0
0.0
0.0
0.0
0.0
0.0
0.0
0.0
0.0
0.0
0.0
0.0
0.0
0.0
0.0
0.0
0.0
0.0
0.0
0.0
0.0
0.0
2.477
0.0
0.0
0.0
-1.815
-0.011
0.0
0.0
-1.571
0.002
0.0
0.0
0.551
0.004
0.0
0.0
-0.044
-0.008
0.0
0.0
2.16
-0.01
-0.305
0.012
-2.618
0.01
0.529
-0.016
-1.782
0.006
0.634
-0.007
0.976
-0.003
-0.449
0.006
-0.331
0.001
-0.004
-0.004
-0.394
0.002
0.851
-0.02
0.359
-0.003
-1.051
0.024
0.357
0.002
-0.239
0.012
0.005
-0.001
0.21
-0.008
-0.028
-0.003
-0.322
0.005
0.0
0.0
0.0
0.0
0.0
0.0
0.0
0.0
0.0
0.0
0.0
0.0
0.0
0.0
0.0
0.0
0.0
0.0
0.0
0.0
0.0
0.0
0.0
0.0
0.0
0.0
0.0
0.0
0.0
0.0
0.0
0.0
0.0
0.0
0.0
0.0
0.0
0.0
0.0
0.0
0.0
0.0
0.0
0.0
0.0
0.0
0.0
0.0
0.0
0.0
0.0
0.0
0.0
0.0
0.0
0.0
0.0
0.0
0.0
0.0
-6.76
0.064
0.0
0.0
7.7
-0.073
0.0
0.0
5.394
-0.054
0.0
0.0
-2.788
0.026
0.0
0.0
0.923
-0.007
0.0
0.0
-2.328
0.024
-0.463
0.02
2.923
-0.027
0.49
-0.025
1.768
-0.019
0.711
-0.017
-1.068
0.009
-0.363
0.01
0.596
-0.004
-0.073
-0.004
-1.911
0.016
-4.519
0.041
2.644
-0.024
5.569
-0.05
1.287
-0.009
3.707
-0.031
-0.894
0.007
-2.121
0.019
0.669
-0.007
0.933
-0.01
0.0
0.0
0.0
0.0
0.0
0.0
0.0
0.0
0.0
0.0
0.0
0.0
0.0
0.0
0.0
0.0
0.0
0.0
0.0
0.0
0.0
0.0
0.0
0.0
0.0
0.0
0.0
0.0
0.0
0.0
0.0
0.0
0.0
0.0
0.0
0.0
0.0
0.0
0.0
0.0
0.0
0.0
0.0
0.0
0.0
0.0
0.0
0.0
0.0
0.0
0.0
0.0
0.0
0.0
0.0
0.0
0.0
0.0
0.0
0.0
0.0
0.0
0.0
0.0
0.0
0.0
0.0
0.0
0.0
0.0
0.0
0.0
0.0
0.0
0.0
0.0
0.0
0.0
0.0
0.0