340.552
-0.376
0.0
0.0
-70.823
1.15
0.0
0.0
-49.25
0.591
0.0
0.0
24.037
-0.401
0.0
0.0
-8.78
0.282
0.0
0.0
-38.548
0.177
0.0
0.0
52.811
-0.282
0.0
0.0
35.165
-0.265
0.0
0.0
-21.227
0.273
0.0
0.0
10.183
-0.064
0.0
0.0
67.946
1.288
67.397
0.85
-47.987
-1.643
-93.888
-1.257
-40.298
-1.075
-56.623
-0.768
19.471
0.532
37.264
0.4
-0.83
-0.267
-17.603
-0.243
-139.733
-1.204
0.0
0.0
140.567
1.145
0.0
0.0
93.356
0.98
0.0
0.0
-48.353
-0.427
0.0
0.0
21.37
-0.016
0.0
0.0
-64.759
0.228
-83.194
0.121
83.857
-0.228
107.345
0.013
63.04
-0.268
80.004
-0.254
-48.692
0.109
-52.767
0.079
15.922
0.004
14.904
0.172
-134.112
3.405
152.622
-2.016
192.632
-4.277
-188.201
2.383
114.89
-2.568
-121.624
1.712
-69.827
1.414
76.826
-0.902
35.669
-0.723
-33.598
0.29
-241.557
-0.964
0.0
0.0
303.719
1.393
0.0
0.0
198.143
0.731
0.0
0.0
-136.985
-0.557
0.0
0.0
56.365
0.42
0.0
0.0
-173.032
0.275
-59.684
-0.368
251.737
-0.285
79.946
0.667
184.674
-0.313
30.894
0.828
-100.746
0.19
-14.771
-0.389
30.175
0.002
21.618
-0.069
6.871
0.189
70.508
-0.893
-12.804
0.018
-91.499
1.128
-5.759
-0.284
-60.616
0.712
21.336
0.036
37.937
-0.537
-9.778
0.175
-15.741
0.211
28.298
1.499
40.261
-2.376
-54.316
-1.889
-45.615
2.789
-34.102
-1.211
-36.189
2.006
20.337
0.617
15.09
-1.031
-10.873
-0.285
-4.738
0.324
-90.022
1.611
0.0
0.0
139.241
-1.741
0.0
0.0
69.75
-0.769
0.0
0.0
-28.658
0.28
0.0
0.0
22.881
-0.282
0.0
0.0
-44.702
-0.56
87.636
-0.53
53.15
0.51
-119.895
0.539
31.695
0.735
-87.077
0.547
6.348
-0.394
54.557
-0.382
0.875
-0.114
-15.031
-0.032
-159.602
0.277
-144.746
0.246
188.366
-0.118
186.08
-0.124
123.67
-0.172
107.109
-0.067
-58.392
0.093
-64.485
-0.014
30.929
-0.054
37.817
0.01
19.949
-0.483
29.25
0.916
-30.468
0.725
-36.526
-1.32
-13.301
0.259
-31.395
-0.638
12.609
-0.244
27.485
0.374
-10.153
0.253
-5.509
-0.324
42.493
-0.379
138.667
-1.337
-50.716
0.303
-181.247
1.744
-47.625
0.434
-110.876
1.038
27.315
-0.192
57.106
-0.545
0.778
-0.106
-30.096
0.284
125.336
0.325
0.0
0.0
-164.302
-0.458
0.0
0.0
-119.173
0.12
0.0
0.0
78.273
-0.125
0.0
0.0
-26.471
-0.234
0.0
0.0
-164.084
1.528
68.95
-2.145
187.815
-1.754
-97.028
2.521
123.385
-1.348
-54.733
1.333
-58.316
0.589
33.701
-0.805
27.475
-0.118
-22.52
0.539
30.638
-1.477
-71.14
1.204
-43.07
1.448
86.162
-1.443
-31.966
1.202
68.472
-1.014
23.982
-0.552
-29.584
0.633
-3.9
0.025
4.363
-0.167
81.222
0.15
66.889
0.006
-98.117
-0.095
-82.546
0.149
-65.414
-0.057
-59.117
-0.113
33.457
0.113
34.682
-0.021
-13.056
-0.019
-12.982
0.178
39.267
-0.337
-33.557
0.109
-42.755
0.319
34.263
-0.255
-26.894
0.297
30.837
-0.086
6.342
-0.172
-17.113
0.082
-4.386
-0.001
2.65
-0.097
0.0
0.0
0.0
0.0
0.0
0.0
0.0
0.0
0.0
0.0
0.0
0.0
0.0
0.0
0.0
0.0
0.0
0.0
0.0
0.0
-56.482
-0.951
0.0
0.0
49.87
1.103
0.0
0.0
47.355
0.689
0.0
0.0
-21.83
-0.374
0.0
0.0
0.708
0.176
0.0
0.0
8.535
0.422
-56.552
0.79
-27.737
-0.208
76.156
-0.834
-9.129
-0.66
44.14
-0.477
-5.598
0.234
-24.694
0.257
-2.797
0.226
9.278
-0.054
-97.867
1.578
44.857
-0.495
116.177
-1.68
-49.651
0.408
93.725
-1.524
-42.861
0.447
-55.15
0.74
28.612
-0.21
7.615
0.039
-7.158
-0.04
84.841
-1.243
-74.812
0.103
-100.335
1.3
87.349
-0.037
-78.486
1.059
70.399
-0.062
50.717
-0.613
-36.938
0.044
-12.384
0.093
7.046
0.005
50.573
-0.185
47.967
-0.154
-59.881
0.39
-55.625
0.206
-35.187
0.074
-39.209
0.028
12.49
-0.039
18.874
-0.072
-11.613
0.191
-8.454
0.127
0.0
0.0
0.0
0.0
0.0
0.0
0.0
0.0
0.0
0.0
0.0
0.0
0.0
0.0
0.0
0.0
0.0
0.0
0.0
0.0
0.0
0.0
0.0
0.0
0.0
0.0
0.0
0.0
0.0
0.0
0.0
0.0
0.0
0.0
0.0
0.0
0.0
0.0
0.0
0.0
-243.265
1.567
0.0
0.0
306.183
-1.91
0.0
0.0
183.262
-0.922
0.0
0.0
-97.132
0.553
0.0
0.0
53.004
-0.403
0.0
0.0
-212.916
1.108
8.322
-0.089
257.69
-1.278
-15.853
0.247
179.077
-0.962
-15.457
0.243
-99.826
0.628
1.487
-0.098
34.12
-0.178
1.112
-0.006
-61.739
2.205
62.259
-1.018
69.646
-2.288
-77.64
1.293
46.838
-1.85
-65.274
0.858
-20.796
0.919
33.662
-0.542
7.719
-0.165
-5.84
0.227
57.782
0.176
30.904
-0.524
-64.106
-0.272
-32.527
0.468
-42.125
-0.123
-22.16
0.471
21.006
0.034
12.768
-0.214
-9.326
-0.077
-3.047
-0.047
-15.644
-0.224
-96.643
1.478
30.526
0.117
116.896
-1.707
8.932
0.254
72.474
-1.045
-8.442
-0.098
-38.557
0.559
12.04
-0.1
20.158
-0.29
0.0
0.0
0.0
0.0
0.0
0.0
0.0
0.0
0.0
0.0
0.0
0.0
0.0
0.0
0.0
0.0
0.0
0.0
0.0
0.0
0.0
0.0
0.0
0.0
0.0
0.0
0.0
0.0
0.0
0.0
0.0
0.0
0.0
0.0
0.0
0.0
0.0
0.0
0.0
0.0
0.0
0.0
0.0
0.0
0.0
0.0
0.0
0.0
0.0
0.0
0.0
0.0
0.0
0.0
0.0
0.0
0.0
0.0
0.0
0.0
-93.235
1.67
0.0
0.0
115.863
-1.904
0.0
0.0
42.475
-0.878
0.0
0.0
-16.805
0.317
0.0
0.0
26.766
-0.353
0.0
0.0
-10.938
-0.552
229.921
-3.05
8.234
0.386
-289.115
3.548
3.405
0.746
-184.29
2.115
12.877
-0.41
116.519
-1.229
-3.016
-0.147
-49.942
0.564
-40.203
-0.273
4.801
0.004
46.012
0.18
-11.896
0.129
38.085
0.142
2.665
-0.054
-6.701
-0.111
-8.326
0.065
2.219
-0.065
-3.252
0.071
-5.474
0.833
61.06
-0.178
0.739
-0.777
-79.078
0.293
17.611
-0.764
-55.985
0.102
-7.107
0.359
40.779
-0.184
-8.184
0.03
-14.352
0.127
-51.003
0.485
36.183
0.144
65.647
-0.752
-42.617
-0.228
33.59
-0.298
-27.554
-0.093
-15.194
0.193
20.247
0.033
14.304
-0.227
-6.789
-0.088
0.0
0.0
0.0
0.0
0.0
0.0
0.0
0.0
0.0
0.0
0.0
0.0
0.0
0.0
0.0
0.0
0.0
0.0
0.0
0.0
0.0
0.0
0.0
0.0
0.0
0.0
0.0
0.0
0.0
0.0
0.0
0.0
0.0
0.0
0.0
0.0
0.0
0.0
0.0
0.0
0.0
0.0
0.0
0.0
0.0
0.0
0.0
0.0
0.0
0.0
0.0
0.0
0.0
0.0
0.0
0.0
0.0
0.0
0.0
0.0
0.0
0.0
0.0
0.0
0.0
0.0
0.0
0.0
0.0
0.0
0.0
0.0
0.0
0.0
0.0
0.0
0.0
0.0
0.0
0.0